0.000000000000000000e+00,2.483672618865966797e+00,1.305084586143493652e+00
1.580401957035064697e-01,2.149066448211669922e+00,1.394899845123291016e+00
3.160803914070129395e-01,1.787082672119140625e+00,1.949795126914978027e+00
4.741206169128417969e-01,1.442646265029907227e+00,2.261557102203369141e+00
6.321607828140258789e-01,1.113002657890319824e+00,2.323823451995849609e+00
7.902010083198547363e-01,6.658233404159545898e-01,2.393303632736206055e+00
9.482412338256835938e-01,3.130409121513366699e-01,2.541380643844604492e+00
1.106281399726867676e+00,-3.954366594552993774e-02,2.413812160491943359e+00
1.264321565628051758e+00,-5.817589759826660156e-01,2.390379190444946289e+00
1.422361850738525391e+00,-8.545497059822082520e-01,2.104046821594238281e+00
1.580402016639709473e+00,-9.893425703048706055e-01,2.121713638305664062e+00
1.738442182540893555e+00,-1.330189943313598633e+00,1.725429296493530273e+00
1.896482467651367188e+00,-1.623616814613342285e+00,1.641876697540283203e+00
2.054522514343261719e+00,-1.969016075134277344e+00,1.375856876373291016e+00
2.212562799453735352e+00,-1.818629145622253418e+00,1.184743523597717285e+00
2.370603084564208984e+00,-2.018918514251708984e+00,6.066416501998901367e-01
2.528643131256103516e+00,-2.233755111694335938e+00,2.039216756820678711e-01
2.686683416366577148e+00,-2.092736005783081055e+00,-1.042542010545730591e-01
2.844723701477050781e+00,-2.216935634613037109e+00,-3.335188925266265869e-01
3.002763748168945312e+00,-2.007450580596923828e+00,-5.665181875228881836e-01
3.160804033279418945e+00,-1.954008102416992188e+00,-9.099249839782714844e-01
3.318844318389892578e+00,-1.706386804580688477e+00,-1.076902747154235840e+00
3.476884365081787109e+00,-1.438171982765197754e+00,-1.378881216049194336e+00
3.634924650192260742e+00,-1.121745586395263672e+00,-1.552022576332092285e+00
3.792964935302734375e+00,-7.170519828796386719e-01,-1.841311812400817871e+00
3.951004981994628906e+00,-5.220901370048522949e-01,-1.874913573265075684e+00
4.109045028686523438e+00,-9.521435201168060303e-02,-1.934535384178161621e+00
4.267085552215576172e+00,8.465231955051422119e-02,-1.926501989364624023e+00
4.425125598907470703e+00,2.184711694717407227e-01,-1.985585212707519531e+00
4.583165645599365234e+00,9.685536623001098633e-01,-1.786666274070739746e+00
4.741206169128417969e+00,7.996429204940795898e-01,-1.539764165878295898e+00
4.899246215820312500e+00,1.148964047431945801e+00,-1.533991098403930664e+00
5.057286262512207031e+00,1.330399036407470703e+00,-1.264842152595520020e+00
5.215326786041259766e+00,1.322375893592834473e+00,-9.696983695030212402e-01
5.373366832733154297e+00,1.704155921936035156e+00,-6.878520846366882324e-01
5.531406879425048828e+00,1.786575555801391602e+00,-3.194674849510192871e-01
5.689447402954101562e+00,1.674155831336975098e+00,-2.645629644393920898e-01
5.847487449645996094e+00,1.637832880020141602e+00,1.269512921571731567e-01
6.005527496337890625e+00,1.475807070732116699e+00,3.238201439380645752e-01
6.163568019866943359e+00,1.570622563362121582e+00,5.479492545127868652e-01
6.321608066558837891e+00,1.372497797012329102e+00,8.910104036331176758e-01
6.479648113250732422e+00,1.421842932701110840e+00,1.026443958282470703e+00
6.637688636779785156e+00,1.044049620628356934e+00,1.069405436515808105e+00
6.795728683471679688e+00,9.442598223686218262e-01,1.244832754135131836e+00
6.953768730163574219e+00,6.638087034225463867e-01,1.337773442268371582e+00
7.111809253692626953e+00,3.553776741027832031e-01,1.488989114761352539e+00
7.269849300384521484e+00,1.585643440485000610e-01,1.416064620018005371e+00
7.427889347076416016e+00,2.615600824356079102e-02,1.598174929618835449e+00
7.585929870605468750e+00,-3.182736635208129883e-01,1.475243568420410156e+00
7.743969917297363281e+00,-5.193201899528503418e-01,1.286535263061523438e+00
7.902009963989257812e+00,-7.671909928321838379e-01,1.165923953056335449e+00
8.060050010681152344e+00,-9.756212830543518066e-01,1.063098907470703125e+00
8.218090057373046875e+00,-1.000125408172607422e+00,7.532210946083068848e-01
8.376131057739257812e+00,-1.204273104667663574e+00,5.508119463920593262e-01
8.534171104431152344e+00,-1.291502714157104492e+00,4.516190290451049805e-01
8.692211151123046875e+00,-1.225898742675781250e+00,1.234202682971954346e-01
8.850251197814941406e+00,-1.376554489135742188e+00,3.623536974191665649e-02
9.008291244506835938e+00,-1.396708607673645020e+00,7.559585571289062500e-02
9.166331291198730469e+00,-1.195870637893676758e+00,-4.058170020580291748e-01
9.324372291564941406e+00,-1.188096165657043457e+00,-5.422473549842834473e-01
9.482412338256835938e+00,-9.839698076248168945e-01,-4.677593708038330078e-01
9.640452384948730469e+00,-9.351405501365661621e-01,-7.270557880401611328e-01
9.798492431640625000e+00,-8.008574247360229492e-01,-1.071021676063537598e+00
9.956532478332519531e+00,-5.295066237449645996e-01,-8.134666681289672852e-01
1.011457252502441406e+01,-4.626891314983367920e-01,-1.219439506530761719e+00
1.027261352539062500e+01,-1.470736861228942871e-01,-1.087494611740112305e+00
1.043065357208251953e+01,-8.291810750961303711e-02,-9.021633863449096680e-01
1.058869361877441406e+01,-1.759464442729949951e-01,-1.240162491798400879e+00
1.074673366546630859e+01,5.286619663238525391e-01,-1.043370008468627930e+00
1.090477371215820312e+01,2.106354981660842896e-01,-1.171527624130249023e+00
1.106281375885009766e+01,5.281097888946533203e-01,-1.123419165611267090e+00
1.122085380554199219e+01,7.351672053337097168e-01,-8.352470993995666504e-01
1.137889480590820312e+01,8.756656050682067871e-01,-5.890250802040100098e-01
1.153693485260009766e+01,7.788364887237548828e-01,-6.447812914848327637e-01
1.169497489929199219e+01,1.099716067314147949e+00,-2.890300154685974121e-01
1.185301494598388672e+01,1.014974474906921387e+00,-3.692255020141601562e-01
1.201105499267578125e+01,1.068913221359252930e+00,-1.624354422092437744e-01
1.216909503936767578e+01,1.042196750640869141e+00,1.200119256973266602e-01
1.232713603973388672e+01,8.470441699028015137e-01,3.623386025428771973e-01
1.248517608642578125e+01,8.616312146186828613e-01,4.532057642936706543e-01
1.264321613311767578e+01,1.012645483016967773e+00,4.926966428756713867e-01
1.280125617980957031e+01,7.379676699638366699e-01,7.780433893203735352e-01
1.295929622650146484e+01,7.699344158172607422e-01,5.360290408134460449e-01
1.311733627319335938e+01,3.979590237140655518e-01,9.613618850708007812e-01
1.327537727355957031e+01,2.603649795055389404e-01,9.063240885734558105e-01
1.343341732025146484e+01,2.046975493431091309e-01,9.928386211395263672e-01
1.359145736694335938e+01,4.516116902232170105e-02,9.530827403068542480e-01
1.374949741363525391e+01,-8.558914065361022949e-03,8.876115083694458008e-01
1.390753746032714844e+01,-3.011488616466522217e-01,8.202749490737915039e-01
1.406557750701904297e+01,-2.330632209777832031e-01,7.929989099502563477e-01
1.422361850738525391e+01,-5.584345459938049316e-01,7.517284750938415527e-01
1.438165855407714844e+01,-6.078206300735473633e-01,7.565287351608276367e-01
1.453969860076904297e+01,-6.976534128189086914e-01,5.093269944190979004e-01
1.469773864746093750e+01,-9.159481525421142578e-01,3.678870797157287598e-01
1.485577869415283203e+01,-7.714340090751647949e-01,1.852868646383285522e-01
1.501381874084472656e+01,-7.193040847778320312e-01,1.821812391281127930e-01
1.517185974121093750e+01,-7.652630209922790527e-01,-1.198403686285018921e-01
1.532989978790283203e+01,-8.692615032196044922e-01,-1.102531477808952332e-01
1.548793983459472656e+01,-7.573802471160888672e-01,-2.351675927639007568e-01
1.564597988128662109e+01,-7.460681200027465820e-01,-4.781172275543212891e-01
1.580401992797851562e+01,-7.364000082015991211e-01,-4.387094676494598389e-01
1.596205997467041016e+01,-4.755517542362213135e-01,-5.792571902275085449e-01
1.612010002136230469e+01,-5.098838806152343750e-01,-5.851959586143493652e-01
1.627814102172851562e+01,-2.997928261756896973e-01,-6.281002163887023926e-01
1.643618011474609375e+01,-6.313434243202209473e-02,-5.820255279541015625e-01
1.659422111511230469e+01,-1.231556087732315063e-01,-7.369785308837890625e-01
1.675226211547851562e+01,-1.655818149447441101e-02,-8.296744823455810547e-01
1.691030120849609375e+01,3.939390182495117188e-02,-4.583279490470886230e-01
1.706834220886230469e+01,3.760511875152587891e-01,-6.433175802230834961e-01
1.722638130187988281e+01,3.117008805274963379e-01,-5.650309324264526367e-01
1.738442230224609375e+01,3.278385102748870850e-01,-7.120112776756286621e-01
1.754246139526367188e+01,4.049506485462188721e-01,-4.096834659576416016e-01
1.770050239562988281e+01,4.873440265655517578e-01,-4.825877547264099121e-01
1.785854339599609375e+01,3.930822312831878662e-01,-4.720847010612487793e-01
1.801658248901367188e+01,5.906098484992980957e-01,-1.548597812652587891e-01
1.817462348937988281e+01,6.538583636283874512e-01,-2.129843086004257202e-01
1.833266258239746094e+01,7.076914310455322266e-01,8.045434951782226562e-02
1.849070358276367188e+01,5.511006116867065430e-01,6.819530576467514038e-02
1.864874458312988281e+01,3.401780724525451660e-01,6.544874608516693115e-02
1.880678367614746094e+01,6.252335906028747559e-01,4.168508648872375488e-01
1.896482467651367188e+01,3.805987834930419922e-01,2.068015486001968384e-01
1.912286376953125000e+01,3.688424527645111084e-01,4.407685697078704834e-01
1.928090476989746094e+01,4.328324794769287109e-01,4.230032563209533691e-01
1.943894386291503906e+01,1.299208104610443115e-01,6.159374117851257324e-01
1.959698486328125000e+01,1.518627703189849854e-01,3.649829626083374023e-01
1.975502586364746094e+01,-9.233745932579040527e-02,6.139345169067382812e-01
1.991306495666503906e+01,-1.404174119234085083e-01,5.705900788307189941e-01
2.007110595703125000e+01,-1.475251764059066772e-01,5.268323421478271484e-01
2.022914505004882812e+01,-1.312026083469390869e-01,6.811393499374389648e-01
2.038718605041503906e+01,-3.873836994171142578e-01,4.190137386322021484e-01
2.054522705078125000e+01,-2.779427468776702881e-01,3.694146275520324707e-01
2.070326614379882812e+01,-2.715649902820587158e-01,4.258529543876647949e-01
2.086130714416503906e+01,-6.000314354896545410e-01,3.042615950107574463e-01
2.101934623718261719e+01,-4.711064100265502930e-01,2.596191167831420898e-01
2.117738723754882812e+01,-4.623970091342926025e-01,2.491696774959564209e-01
2.133542633056640625e+01,-4.414920508861541748e-01,1.085275113582611084e-01
2.149346733093261719e+01,-5.699590444564819336e-01,-6.209389865398406982e-02
2.165150833129882812e+01,-3.800620734691619873e-01,6.844874471426010132e-02
2.180954742431640625e+01,-4.958387315273284912e-01,-1.341852396726608276e-01
2.196758842468261719e+01,-2.950127124786376953e-01,-2.692221403121948242e-01
2.212562751770019531e+01,-5.024936795234680176e-01,-3.207721114158630371e-01
2.228366851806640625e+01,-3.602654337882995605e-01,-4.615756869316101074e-01
2.244170761108398438e+01,-2.807576358318328857e-01,-3.916868567466735840e-01
2.259974861145019531e+01,-3.416771590709686279e-01,-4.204126596450805664e-01
2.275778961181640625e+01,-8.869378268718719482e-02,-4.356722235679626465e-01
2.291582870483398438e+01,9.532505273818969727e-02,-6.058241128921508789e-01
2.307386970520019531e+01,1.213963478803634644e-01,-4.455524086952209473e-01
2.323190879821777344e+01,9.710237383842468262e-02,-4.717667102813720703e-01
2.338994979858398438e+01,9.981191903352737427e-02,-3.492599725723266602e-01
2.354799079895019531e+01,2.382791042327880859e-01,-3.262754976749420166e-01
2.370602989196777344e+01,3.115966916084289551e-01,-3.097565472126007080e-01
2.386407089233398438e+01,4.243631362915039062e-01,-2.518442571163177490e-01
2.402210998535156250e+01,1.588721275329589844e-01,-1.000816375017166138e-01
2.418015098571777344e+01,3.583597540855407715e-01,-9.974338114261627197e-02
2.433819007873535156e+01,3.741167187690734863e-01,-2.137215137481689453e-01
2.449623107910156250e+01,3.227944076061248779e-01,-1.917208731174468994e-02
2.465427207946777344e+01,2.621095776557922363e-01,-7.631317526102066040e-02
2.481231117248535156e+01,2.752686440944671631e-01,-1.678973436355590820e-01
2.497035217285156250e+01,3.095164299011230469e-01,1.239876374602317810e-01
2.512839126586914062e+01,5.045469403266906738e-01,3.201106786727905273e-01
2.528643226623535156e+01,2.006521821022033691e-01,2.573993504047393799e-01
2.544447326660156250e+01,1.177975907921791077e-01,7.221625745296478271e-02
2.560251235961914062e+01,1.319374293088912964e-01,2.314727157354354858e-01
2.576055335998535156e+01,2.044735848903656006e-01,3.999323546886444092e-01
2.591859245300292969e+01,2.875700592994689941e-04,3.504505455493927002e-01
2.607663345336914062e+01,-7.069718092679977417e-03,3.498323261737823486e-01
2.623467254638671875e+01,-2.919196486473083496e-01,4.369628429412841797e-01
2.639271354675292969e+01,-1.016906276345252991e-01,4.763962030410766602e-01
2.655075454711914062e+01,2.503955364227294922e-02,3.868638575077056885e-01
2.670879364013671875e+01,-1.180991828441619873e-01,3.543242812156677246e-02
2.686683464050292969e+01,-3.776303529739379883e-01,2.594916224479675293e-01
2.702487373352050781e+01,-1.839166134595870972e-01,1.529421657323837280e-01
2.718291473388671875e+01,-3.260295987129211426e-01,1.975726336240768433e-01
2.734095382690429688e+01,-2.249388247728347778e-01,-2.774444967508316040e-02
2.749899482727050781e+01,-3.430290520191192627e-01,5.388316512107849121e-02
2.765703582763671875e+01,-5.263626575469970703e-01,-9.982661902904510498e-02
2.781507492065429688e+01,-3.058838546276092529e-01,-1.441296637058258057e-01
2.797311592102050781e+01,-2.366988807916641235e-01,-1.021071374416351318e-01
2.813115501403808594e+01,-3.951032757759094238e-01,-2.731013298034667969e-01
2.828919601440429688e+01,-3.840628266334533691e-01,-8.880649507045745850e-02
2.844723701477050781e+01,-2.113472968339920044e-01,-2.486958503723144531e-01
2.860527610778808594e+01,-1.930297017097473145e-01,-1.891890466213226318e-01
2.876331710815429688e+01,-1.915592253208160400e-01,-1.931594908237457275e-01
2.892135620117187500e+01,8.860839903354644775e-02,-3.788861930370330811e-01
2.907939720153808594e+01,-3.098790347576141357e-01,-3.092839717864990234e-01
2.923743629455566406e+01,2.052815407514572144e-01,-3.669497370719909668e-01
2.939547729492187500e+01,-4.653950780630111694e-02,-1.519050002098083496e-01
2.955351829528808594e+01,9.647215157747268677e-02,-8.081921935081481934e-02
2.971155738830566406e+01,5.947102233767509460e-02,-2.277183979749679565e-01
2.986959838867187500e+01,1.622840166091918945e-01,-2.470975965261459351e-01
3.002763748168945312e+01,8.449038863182067871e-02,-2.527277469635009766e-01
3.018567848205566406e+01,2.698380053043365479e-01,-6.887483596801757812e-02
3.034371948242187500e+01,2.938324511051177979e-01,-1.482121050357818604e-01
3.050175857543945312e+01,1.945263147354125977e-01,-1.126467734575271606e-01
3.065979957580566406e+01,1.852717846632003784e-01,1.025809347629547119e-01
3.081783866882324219e+01,1.313790977001190186e-01,-1.275434345006942749e-01
3.097587966918945312e+01,2.864053845405578613e-01,-3.287224099040031433e-02
3.113391876220703125e+01,2.233799397945404053e-01,1.291278600692749023e-01
3.129195976257324219e+01,1.127133890986442566e-01,1.065483689308166504e-01
3.145000076293945312e+01,3.147531747817993164e-01,-6.855612993240356445e-02
